live_graph_beans 18.0
live_graph_espresso_de1_explanation_chart_elapsed {}
live_graph_espresso_de1_explanation_chart_elapsed_1 {}
live_graph_espresso_de1_explanation_chart_elapsed_2 {}
live_graph_espresso_de1_explanation_chart_elapsed_3 {}
live_graph_espresso_de1_explanation_chart_elapsed_flow {}
live_graph_espresso_de1_explanation_chart_elapsed_flow_1 {}
live_graph_espresso_de1_explanation_chart_elapsed_flow_2 {}
live_graph_espresso_de1_explanation_chart_elapsed_flow_3 {}
live_graph_espresso_de1_explanation_chart_flow {0.0 0.1 0.1}
live_graph_espresso_de1_explanation_chart_flow_1_2x {}
live_graph_espresso_de1_explanation_chart_flow_2_2x {}
live_graph_espresso_de1_explanation_chart_flow_2x {}
live_graph_espresso_de1_explanation_chart_flow_3_2x {}
live_graph_espresso_de1_explanation_chart_pressure {0.0 -1.0 -1.0}
live_graph_espresso_de1_explanation_chart_pressure_1 {}
live_graph_espresso_de1_explanation_chart_pressure_2 {}
live_graph_espresso_de1_explanation_chart_pressure_3 {}
live_graph_espresso_de1_explanation_chart_temperature {88.0 88.0 88.0}
live_graph_espresso_de1_explanation_chart_temperature_10 {8.8 8.8 8.8}
live_graph_espresso_elapsed {0.002 0.107 0.209 0.311 0.413 0.515 0.618 0.721 0.823 0.926 1.028 1.131 1.234 1.336 1.438 1.541 1.643 1.746 1.849 1.951 2.053 2.155 2.262 2.365 2.466 2.569 2.671 2.774 2.877 2.98 3.082 3.185 3.287 3.39 3.492 3.595}
live_graph_espresso_flow {0.0 0.0 1.49 1.54 1.54 1.52 1.54 1.51 1.49 1.45 1.44 1.46 1.47 1.46 1.45 1.44 1.45 1.45 1.46 1.43 1.43 1.4 1.39 1.4 1.38 1.38 1.35 1.32 1.28 1.24 1.25 1.28 1.24 1.24 1.22 1.23 1.23}
live_graph_espresso_flow_2x {0.0 0.0 2.99 3.08 3.09 3.04 3.08 3.02 2.98 2.9 2.89 2.91 2.93 2.92 2.89 2.87 2.89 2.9 2.92 2.86 2.86 2.81 2.79 2.8 2.76 2.75 2.7 2.63 2.55 2.47 2.51 2.57 2.48 2.47 2.44 2.46 2.47}
live_graph_espresso_flow_delta {0.0 0.0 0.0 0.0 0.0 0.0 0.0 0.0 0.0 0.0 8.605226538425885 0.0 0.0 29.659512424682966 0.0 0.0 0.0 24.148579563083395 0.0 0.0 17.045923567864072 28.670754907033754 0.0 0.0 0.0 11.604480539264381 26.064788101271166 7.723775123117385 16.89836759441457 2.348131347609743 24.9886512826144 0.0 26.27962359985319 19.53523342010343 0.0 27.55922083629259 3.9673966886323875}
live_graph_espresso_flow_delta_negative 0.0
live_graph_espresso_flow_delta_negative_2x 0.0
live_graph_espresso_flow_goal {-1.0 2.0 2.0 2.0 2.0 2.0 2.0 2.0 2.0 2.0 2.0 2.0 2.0 2.0 2.0 2.0 2.0 2.0 2.0 2.0 2.0 2.0 2.0 2.0 2.0 2.0 2.0 2.0 2.0 2.0 2.0 2.0 2.0 2.0 2.0 2.0 2.0}
live_graph_espresso_flow_goal_2x {-1.0 4.0 4.0 4.0 4.0 4.0 4.0 4.0 4.0 4.0 4.0 4.0 4.0 4.0 4.0 4.0 4.0 4.0 4.0 4.0 4.0 4.0 4.0 4.0 4.0 4.0 4.0 4.0 4.0 4.0 4.0 4.0 4.0 4.0 4.0 4.0 4.0}
live_graph_espresso_flow_weight {0.0 0.0 0.0 0.0 0.0 0.0 0.0 0.0 0.0 0.0 0.0 0.0 0.0 0.0 0.0 0.0 0.0 0.0 0.0 0.0 0.0 0.0 0.0 0.0 0.0 0.0 0.0 0.0 0.0 0.0 0.0 0.0 0.0 0.0 0.0 0.0 0.0}
live_graph_espresso_flow_weight_2x {0.0 0.0 0.0 0.0 0.0 0.0 0.0 0.0 0.0 0.0 0.0 0.0 0.0 0.0 0.0 0.0 0.0 0.0 0.0 0.0 0.0 0.0 0.0 0.0 0.0 0.0 0.0 0.0 0.0 0.0 0.0 0.0 0.0 0.0 0.0 0.0 0.0}
live_graph_espresso_flow_weight_raw {0.0 0.0 0.0 0.0 0.0 0.0 0.0 0.0 0.0 0.0 0.0 0.0 0.0 0.0 0.0 0.0 0.0 0.0 0.0 0.0 0.0 0.0 0.0 0.0 0.0 0.0 0.0 0.0 0.0 0.0 0.0 0.0 0.0 0.0 0.0 0.0 0.0}
live_graph_espresso_pressure {0.0 0.0 4.88 4.88 4.79 4.7 4.8 4.83 4.94 4.81 4.58 4.71 4.86 4.8 4.88 5.0 5.18 5.15 5.04 5.17 4.94 5.12 5.16 5.23 5.32 5.3 5.1 5.32 5.46 5.31 5.12 5.23 5.16 4.92 5.15 4.94 4.82}
live_graph_espresso_pressure_delta {0.0 1.2922364905440418 0.027263665388665592 0.0015160480418738354 0.0030508753708081942 0.0012545848764981406 0.0005212066417220195 0.0013278683866182982 0.003859252396226007 0.002025799750346587 0.003028340315746093 0.0024622439120218446 0.002062708210785101 0.0006017278481927421 0.00174810930583775 0.00024893213436459675 0.0013404202951095348 0.0015323625528091134 0.0009588970386334184 0.00030495370074945944 0.00046963582308859347 0.0004567814182350779 0.0004299483354759903 0.00100532476960581 0.0005478913500605287 0.0009527808833554526 0.0004240411858473072 0.0009925685423466343 0.0010503186977094397 0.0005198623817523532 0.0005281172181132402 0.0007560514344738529 0.0006792415300655203 0.0002637082956608366 0.0007459747109871026 0.00034866564806554216 0.0005573336813494748}
live_graph_espresso_pressure_goal {-1.0 6.0 6.0 6.0 6.0 6.0 6.0 6.0 6.0 6.0 6.0 6.0 6.0 6.0 6.0 6.0 6.0 6.0 6.0 6.0 6.0 6.0 6.0 6.0 6.0 6.0 6.0 6.0 6.0 6.0 6.0 6.0 6.0 6.0 6.0 6.0 6.0}
live_graph_espresso_resistance {0.0 0.0 2.19 2.05 2.01 2.03 2.03 2.13 2.23 2.28 2.2 2.22 2.26 2.26 2.33 2.42 2.48 2.45 2.37 2.52 2.42 2.6 2.66 2.67 2.8 2.8 2.8 3.07 3.35 3.48 3.25 3.17 3.34 3.22 3.46 3.27 3.17}
live_graph_espresso_resistance_weight {0.0 0.0 0.0 0.0 0.0 0.0 0.0 0.0 0.0 0.0 0.0 0.0 0.0 0.0 0.0 0.0 0.0 0.0 0.0 0.0 0.0 0.0 0.0 0.0 0.0 0.0 0.0 0.0 0.0 0.0 0.0 0.0 0.0 0.0 0.0 0.0 0.0}
live_graph_espresso_state_change {0.0 -10000000.0 -10000000.0 -10000000.0 -10000000.0 -10000000.0 -10000000.0 -10000000.0 -10000000.0 -10000000.0 -10000000.0 -10000000.0 -10000000.0 -10000000.0 -10000000.0 -10000000.0 -10000000.0 -10000000.0 -10000000.0 -10000000.0 -10000000.0 -10000000.0 -10000000.0 -10000000.0 -10000000.0 -10000000.0 10000000.0 -10000000.0 -10000000.0 -10000000.0 -10000000.0 -10000000.0 -10000000.0 -10000000.0 -10000000.0 -10000000.0 -10000000.0}
live_graph_espresso_temperature_basket {86.0 83.77 83.8 83.84 83.87 83.8 83.83 83.87 83.85 83.74 83.77 83.68 83.71 83.79 83.68 83.59 83.62 83.6 83.63 83.57 83.59 83.55 83.5 83.56 83.52 83.47 83.42 83.33 83.28 83.17 83.24 83.27 83.19 83.2 83.27 83.33 83.21}
live_graph_espresso_temperature_goal {86.0 86.0 86.0 86.0 86.0 86.0 86.0 86.0 86.0 86.0 86.0 86.0 86.0 86.0 86.0 86.0 86.0 86.0 86.0 86.0 86.0 86.0 86.0 86.0 86.0 86.0 86.0 86.0 86.0 86.0 86.0 86.0 86.0 86.0 86.0 86.0 86.0}
live_graph_espresso_temperature_mix {86.0 156.82 83.76 84.3 84.16 84.63 84.2 84.57 83.01 83.96 84.22 83.86 83.6 84.64 84.67 83.33 82.96 84.03 83.55 83.52 84.39 83.65 82.76 82.69 84.09 83.55 82.5 83.06 83.08 83.57 83.95 83.61 82.41 82.54 83.01 83.13 82.95}
live_graph_espresso_water_dispensed {0.0 0.01493711482055351 0.030355406270760766 0.04580363910263574 0.06100695949886319 0.07639932338283367 0.09148271483461501 0.1063690598259536 0.12089185756905559 0.1353271251273468 0.14988569326437345 0.1645522845869662 0.17913798122021277 0.1936003174260726 0.207964486700699 0.22241534017977094 0.23690061570839058 0.2514866927065825 0.26579528051069723 0.28007552355252 0.2941164093432559 0.3080449642332015 0.322040795539292 0.33582458956671163 0.34959439621241506 0.36310786512801796 0.37625929531024743 0.3890232563051504 0.4013752670182732 0.41391549858470245 0.4267521076906715 0.4391747592739644 0.4515348034750368 0.4637376508113173 0.4760285605618398 0.4883623702462588 0.500942213968347}
live_graph_espresso_weight {0.0 0.0 0.0 0.0 0.0 0.0 0.0 0.0 0.0 0.0 0.0 0.0 0.0 0.0 0.0 0.0 0.0 0.0 0.0 0.0 0.0 0.0 0.0 0.0 0.0 0.0 0.0 0.0 0.0 0.0 0.0 0.0 0.0 0.0 0.0 0.0 0.0}
live_graph_espresso_weight_chartable {0.0 0.0 0.0 0.0 0.0 0.0 0.0 0.0 0.0 0.0 0.0 0.0 0.0 0.0 0.0 0.0 0.0 0.0 0.0 0.0 0.0 0.0 0.0 0.0 0.0 0.0 0.0 0.0 0.0 0.0 0.0 0.0 0.0 0.0 0.0 0.0 0.0}
live_graph_PD_espresso_temperature_basket {8.4 8.4 8.42 8.43 8.42 8.42 8.42 8.42 8.42 8.42 8.42 8.41 8.4 8.4 8.4 8.4 8.38 8.38 8.37 8.35 8.34 8.33 8.31 8.29 8.28 8.26 8.23 8.21 8.18 8.14 8.11 8.08 8.05 8.01 7.98 7.95 7.92 7.9 7.86 7.83 7.81 7.79 7.76 7.74 7.72 7.7 7.69 7.67 7.65 7.63 7.63 7.61 7.6 7.6 7.58 7.57 7.56 7.56 7.55 7.54 7.54 7.53 7.52 7.52 7.51 7.51 7.5 7.5 7.49 7.49 7.49 7.48 7.48 7.47 7.47 7.47 7.47 7.47 7.47 7.46 7.46 7.46 7.45 7.45 7.45 7.46 7.45 7.46 7.45 7.46 7.46 7.47 7.47 7.48 7.48 7.48 7.49 7.49 7.5 7.51 7.5 7.51 7.53 7.53 7.54 7.55 7.56 7.56 7.57 7.58 7.58 7.59 7.61 7.61 7.62 7.63 7.64 7.65 7.66 7.67 7.68 7.69 7.71 7.72 7.72 7.74 7.76 7.77 7.78 7.79 7.81 7.83 7.83 7.85 7.85 7.86 7.87 7.88 7.87 7.89 7.88 7.88 7.89 7.89 7.88 7.88 7.87 7.87 7.87 7.86 7.85 7.85 7.84 7.83 7.82 7.82 7.81 7.8 7.78 7.77 7.76 7.75 7.74 7.74 7.73 7.71 7.69 7.69 7.68 7.66 7.66 7.65 7.62 7.62 7.61 7.6 7.57 7.57 7.56 7.55 7.54 7.53 7.51 7.5 7.49 7.48 7.47 7.46 7.45 7.44 7.43 7.42 7.41 7.4 7.39 7.38 7.37 7.36 7.34 7.33 7.33 7.31 7.3 7.29 7.28 7.26 7.26 7.26 7.28 7.35 7.37 7.41 7.46 7.51 7.55 7.6 7.63 7.66 7.7 7.72 7.74 7.75 7.76 7.77 7.78 7.78}
live_graph_PD_espresso_temperature_goal {8.4 8.4 8.4 8.4 8.4 8.4 8.4 8.4 8.4 8.4 8.4 9.4 9.4 9.4 9.4 9.4 9.4 9.4 9.4 9.4 9.4 9.4 9.4 9.4 9.4 9.4 9.4 9.4 9.4 9.4 9.4 9.4 9.4 9.4 9.4 9.4 9.4 9.4 9.4 9.4 9.4 9.4 9.4 9.4 9.4 9.4 9.4 9.4 9.4 9.4 9.4 9.4 9.4 9.4 9.4 9.4 9.4 9.4 9.4 9.4 9.4 9.4 9.4 9.4 9.4 9.4 9.4 9.4 9.4 9.4 9.4 9.4 9.4 9.4 9.4 9.4 9.4 9.4 9.4 9.4 9.4 9.4 9.4 9.4 9.4 9.4 9.4 9.4 9.4 9.4 9.4 9.4 9.4 9.4 9.4 9.4 9.4 9.4 9.4 9.4 9.4 9.4 9.4 9.4 9.4 9.4 9.4 9.4 9.4 9.4 9.4 9.4 9.4 9.4 9.4 9.4 9.4 9.4 9.4 9.4 9.4 9.4 9.4 9.4 9.4 9.4 9.4 9.4 9.4 9.4 9.4 9.4 9.4 9.4 9.4 9.4 9.4 9.4 9.4 9.4 9.4 9.4 9.4 9.4 9.4 9.4 9.4 9.4 9.4 9.4 9.4 9.4 9.4 9.4 9.4 9.4 9.4 9.4 9.4 9.4 9.4 9.4 9.4 9.4 9.4 9.4 9.4 9.4 9.4 9.4 9.4 9.4 9.4 9.4 9.4 9.4 9.4 9.4 9.4 9.4 9.4 9.4 9.4 9.4 9.4 9.4 9.4 9.4 9.4 9.4 9.4 9.4 9.4 9.4 9.4 9.4 9.4 9.4 9.4 9.4 9.4 9.4 9.4 9.4 9.4 9.4 9.4 9.4 9.4 9.4 9.4 9.4 9.4 9.4 9.4 9.4 9.4 9.4 9.4 9.4 9.4 9.4 9.4 9.4 9.4 9.4}
live_graph_PD_espresso_temperature_mix {8.4 8.46 8.45 8.32 8.2 8.11 7.99 7.85 7.69 7.56 7.44 7.35 7.27 7.21 7.12 6.97 6.83 6.66 6.5 6.32 6.18 6.05 5.93 5.84 5.76 5.7 5.65 5.64 5.64 5.65 5.69 5.7 5.74 5.75 5.79 5.83 5.88 5.92 5.97 6.01 6.05 6.11 6.15 6.2 6.24 6.28 6.32 6.35 6.38 6.4 6.43 6.43 6.41 6.39 6.39 6.38 6.35 6.31 6.26 6.23 6.2 6.17 6.16 6.15 6.16 6.17 6.18 6.21 6.23 6.27 6.29 6.33 6.38 6.41 6.45 6.47 6.53 6.56 6.61 6.64 6.67 6.71 6.75 6.8 6.82 6.86 6.88 6.91 6.95 6.98 7.01 7.05 7.07 7.1 7.13 7.16 7.17 7.19 7.22 7.24 7.25 7.3 7.32 7.34 7.36 7.4 7.42 7.44 7.44 7.46 7.47 7.51 7.53 7.56 7.58 7.6 7.61 7.61 7.65 7.66 7.68 7.69 7.69 7.68 7.65 7.62 7.55 7.44 7.31 7.16 7.04 6.9 6.78 6.65 6.58 6.48 6.42 6.35 6.31 6.25 6.25 6.22 6.23 6.22 6.21 6.2 6.19 6.17 6.18 6.18 6.17 6.15 6.14 6.14 6.15 6.13 6.13 6.11 6.11 6.1 6.11 6.09 6.1 6.08 6.09 6.06 6.06 6.07 6.07 6.05 6.06 6.04 6.06 6.04 6.05 6.04 6.03 6.03 6.04 6.04 6.05 6.05 6.06 6.05 6.07 6.06 6.07 6.05 6.06 6.05 6.04 6.04 6.05 6.02 6.03 6.02 6.02 6.0 6.01 6.0 5.99 5.98 6.0 5.98 5.97 5.97 5.96 5.96 5.96 5.96 5.98 5.98 6.02 6.04 6.08 6.11 6.14 6.17 6.22 6.24 6.29 6.31 6.35 6.39 6.42 6.44}
live_graph_pi_time 0
live_graph_pi_water 5
live_graph_pour_time 3
live_graph_pour_water 0
live_graph_profile {D-Flow / La Pavoni}
live_graph_shot_time 3
live_graph_skin_espresso_temperature_basket {8.6 8.37 8.38 8.38 8.39 8.39 8.39 8.38 8.38 8.38 8.38 8.39 8.38 8.38 8.39 8.39 8.37 8.38 8.37 8.37 8.38 8.37 8.36 8.36 8.36 8.36 8.36 8.36 8.36 8.35 8.36 8.35 8.35 8.34 8.33 8.33 8.32 8.32 8.33 8.32 8.32 8.33 8.33 8.32}
live_graph_skin_espresso_temperature_goal {8.6 8.6 8.6 8.6 8.6 8.6 8.6 8.6 8.6 8.6 8.6 8.6 8.6 8.6 8.6 8.6 8.6 8.6 8.6 8.6 8.6 8.6 8.6 8.6 8.6 8.6 8.6 8.6 8.6 8.6 8.6 8.6 8.6 8.6 8.6 8.6 8.6 8.6 8.6 8.6 8.6 8.6 8.6 8.6}
live_graph_skin_espresso_temperature_mix {8.6 16.0 15.92 14.76 14.24 14.29 14.46 15.31 15.68 8.38 8.43 8.42 8.46 8.42 8.46 8.3 8.4 8.42 8.39 8.36 8.46 8.47 8.33 8.3 8.4 8.35 8.35 8.44 8.37 8.28 8.27 8.41 8.35 8.25 8.31 8.31 8.36 8.4 8.36 8.24 8.25 8.3 8.31 8.29}
live_graph_time 1700276940
live_graph_water 5
live_graph_weight 0.0

